[gd_scene load_steps=9 format=3 uid="uid://dhr0v03l7g4a7"]

[ext_resource type="Script" uid="uid://cx2d33iooikfh" path="res://AzurLane/scripts/ALBoard.cs" id="1_n0ao8"]
[ext_resource type="PackedScene" uid="uid://dp7bqacq615oo" path="res://AzurLane/AzurLaneCard.tscn" id="2_6xv5f"]
[ext_resource type="PackedScene" uid="uid://bk5j3gynapp7m" path="res://scenes/phase_button.tscn" id="2_wge7q"]
[ext_resource type="Texture2D" uid="uid://t1h7mmwlo306" path="res://AzurLane/res/board-noLabel.png" id="3_wge7q"]
[ext_resource type="FontFile" uid="uid://bvu0bohfv0eq1" path="res://fonts/Xolonium-Regular-MSDF-Mipmaps.ttf" id="5_n0ao8"]
[ext_resource type="Script" uid="uid://ljc8adua3g18" path="res://AzurLane/scripts/ALBoardArea.cs" id="6_b4tj3"]

[sub_resource type="StandardMaterial3D" id="StandardMaterial3D_lu2yg"]
albedo_texture = ExtResource("3_wge7q")
metallic = 1.0

[sub_resource type="PlaneMesh" id="PlaneMesh_a2jcd"]
material = SubResource("StandardMaterial3D_lu2yg")
size = Vector2(13, 10)

[node name="AzurLaneBoard" type="Node3D" node_paths=PackedStringArray("flagshipCard", "enemyFlagshipCard")]
script = ExtResource("1_n0ao8")
flagshipCard = NodePath("Player/Units/Flagship")
enemyFlagshipCard = NodePath("EnemyPlayer/Units/Flagship")

[node name="Player" type="Node3D" parent="."]

[node name="PhaseButton" parent="Player" instance=ExtResource("2_wge7q")]
transform = Transform3D(0.5, 0.5, 0.707107, 0.5, 0.5, -0.707107, -0.707107, 0.707107, -3.09086e-08, 13.029, 2, -7.935)

[node name="Mat" type="MeshInstance3D" parent="Player"]
transform = Transform3D(2.5, 0, 0, 0, 2.5, 0, 0, 0, 2.5, 0, 0, 0)
mesh = SubResource("PlaneMesh_a2jcd")

[node name="Units" type="Node3D" parent="Player"]

[node name="FrontRow" parent="Player/Units" instance=ExtResource("2_6xv5f")]
transform = Transform3D(1, 0, 0, 0, 1, 0, 0, 0, 1, -7, 0, -8)
attackFieldType = 2
isEmptyField = true

[node name="FrontRow2" parent="Player/Units" instance=ExtResource("2_6xv5f")]
transform = Transform3D(1, 0, 0, 0, 1, 0, 0, 0, 1, 0, 0, -8)
attackFieldType = 2
PositionInBoard = Vector2i(1, 0)
isEmptyField = true

[node name="FrontRow3" parent="Player/Units" instance=ExtResource("2_6xv5f")]
transform = Transform3D(1, 0, 0, 0, 1, 0, 0, 0, 1, 7, 0, -8)
attackFieldType = 2
PositionInBoard = Vector2i(2, 0)
isEmptyField = true

[node name="BackRow" parent="Player/Units" instance=ExtResource("2_6xv5f")]
transform = Transform3D(1, 0, 0, 0, 1, 0, 0, 0, 1, -7, 0, 0)
attackFieldType = 1
PositionInBoard = Vector2i(0, 1)
isEmptyField = true

[node name="Flagship" parent="Player/Units" instance=ExtResource("2_6xv5f")]
attackFieldType = 1
PositionInBoard = Vector2i(1, 1)
IsPlayerPlaceable = false

[node name="BackRow2" parent="Player/Units" instance=ExtResource("2_6xv5f")]
transform = Transform3D(1, 0, 0, 0, 1, 0, 0, 0, 1, 7, 0, 0)
attackFieldType = 1
PositionInBoard = Vector2i(2, 1)
isEmptyField = true

[node name="FlagshipDurability" type="Node3D" parent="Player"]
script = ExtResource("6_b4tj3")

[node name="Durability" parent="Player/FlagshipDurability" instance=ExtResource("2_6xv5f")]
transform = Transform3D(0.999848, -0.0174524, 0, 0.0174497, 0.999696, -0.0174524, 0.000304586, 0.0174498, 0.999848, -13.221, 0.204869, 8.49881e-05)
isResource = true
isFaceDown = true
isSideWays = true
PositionInBoard = Vector2i(-2, 1)
IsInputSelectable = false
IsPlayerPlaceable = false
isEmptyField = true

[node name="Durability2" parent="Player/FlagshipDurability" instance=ExtResource("2_6xv5f")]
transform = Transform3D(0.999848, -0.0174524, 0, 0.0174497, 0.999696, -0.0174524, 0.000304586, 0.0174498, 0.999848, -13.221, 0.204869, -0.999915)
isResource = true
isFaceDown = true
isSideWays = true
PositionInBoard = Vector2i(-2, 0)
IsInputSelectable = false
IsPlayerPlaceable = false
isEmptyField = true

[node name="Durability3" parent="Player/FlagshipDurability" instance=ExtResource("2_6xv5f")]
transform = Transform3D(0.999848, -0.0174524, 0, 0.0174497, 0.999696, -0.0174524, 0.000304586, 0.0174498, 0.999848, -13.221, 0.204869, -1.99992)
isResource = true
isFaceDown = true
isSideWays = true
PositionInBoard = Vector2i(-2, -1)
IsInputSelectable = false
IsPlayerPlaceable = false
isEmptyField = true

[node name="Durability4" parent="Player/FlagshipDurability" instance=ExtResource("2_6xv5f")]
transform = Transform3D(0.999848, -0.0174524, 0, 0.0174497, 0.999696, -0.0174524, 0.000304586, 0.0174498, 0.999848, -13.221, 0.204869, -2.99992)
isResource = true
isFaceDown = true
isSideWays = true
PositionInBoard = Vector2i(-2, -2)
IsInputSelectable = false
IsPlayerPlaceable = false
isEmptyField = true

[node name="Durability5" parent="Player/FlagshipDurability" instance=ExtResource("2_6xv5f")]
transform = Transform3D(0.999848, -0.0174524, 0, 0.0174497, 0.999696, -0.0174524, 0.000304586, 0.0174498, 0.999848, -13.221, 0.204869, -3.99992)
isResource = true
isFaceDown = true
isSideWays = true
PositionInBoard = Vector2i(-2, -3)
IsInputSelectable = false
IsPlayerPlaceable = false
isEmptyField = true

[node name="Durability6" parent="Player/FlagshipDurability" instance=ExtResource("2_6xv5f")]
transform = Transform3D(0.999848, -0.0174524, 0, 0.0174497, 0.999696, -0.0174524, 0.000304586, 0.0174498, 0.999848, -13.221, 0.204869, -4.99992)
isResource = true
isFaceDown = true
isSideWays = true
PositionInBoard = Vector2i(-2, -4)
IsInputSelectable = false
IsPlayerPlaceable = false
isEmptyField = true

[node name="Durability7" parent="Player/FlagshipDurability" instance=ExtResource("2_6xv5f")]
transform = Transform3D(0.999848, -0.0174524, 0, 0.0174497, 0.999696, -0.0174524, 0.000304586, 0.0174498, 0.999848, -13.221, 0.204869, -5.99992)
isResource = true
isFaceDown = true
isSideWays = true
PositionInBoard = Vector2i(-2, -5)
IsInputSelectable = false
IsPlayerPlaceable = false
isEmptyField = true

[node name="Durability8" parent="Player/FlagshipDurability" instance=ExtResource("2_6xv5f")]
transform = Transform3D(0.999848, -0.0174524, 0, 0.0174497, 0.999696, -0.0174524, 0.000304586, 0.0174498, 0.999848, -13.221, 0.204869, -6.99992)
isResource = true
isFaceDown = true
isSideWays = true
PositionInBoard = Vector2i(-2, -6)
IsInputSelectable = false
IsPlayerPlaceable = false
isEmptyField = true

[node name="Durability9" parent="Player/FlagshipDurability" instance=ExtResource("2_6xv5f")]
transform = Transform3D(0.999848, -0.0174524, 0, 0.0174497, 0.999696, -0.0174524, 0.000304586, 0.0174498, 0.999848, -13.221, 0.204869, -7.99992)
isResource = true
isFaceDown = true
isSideWays = true
PositionInBoard = Vector2i(-2, -7)
IsInputSelectable = false
IsPlayerPlaceable = false
isEmptyField = true

[node name="Durability10" parent="Player/FlagshipDurability" instance=ExtResource("2_6xv5f")]
transform = Transform3D(0.999848, -0.0174524, 0, 0.0174497, 0.999696, -0.0174524, 0.000304586, 0.0174498, 0.999848, -13.221, 0.204869, -8.99992)
isResource = true
isFaceDown = true
isSideWays = true
PositionInBoard = Vector2i(-2, -8)
IsInputSelectable = false
IsPlayerPlaceable = false
isEmptyField = true

[node name="Count" type="Label3D" parent="Player/FlagshipDurability"]
transform = Transform3D(1, 0, 0, 0, -4.37114e-08, 1, 0, -1, -4.37114e-08, -12.2177, 0.2, 3.6)
billboard = 1
no_depth_test = true
modulate = Color(0.977595, 0.981628, 1, 1)
outline_modulate = Color(0.339605, 0.542632, 1, 1)
text = "0/0"
font = ExtResource("5_n0ao8")
font_size = 200
outline_size = 50

[node name="CubeDeck" parent="Player" instance=ExtResource("2_6xv5f")]
transform = Transform3D(1, 0, 0, 0, 1, 0, 0, 0, 1, -13.1023, 0, 8.29573)
isFaceDown = true
isDeck = true
PositionInBoard = Vector2i(-1, 2)
IsPlaceable = false
IsPlayerPlaceable = false

[node name="Deck" parent="Player" instance=ExtResource("2_6xv5f")]
transform = Transform3D(1, 0, 0, 0, 1, 0, 0, 0, 1, 13.2017, 0, -0.0664625)
isFaceDown = true
isDeck = true
PositionInBoard = Vector2i(3, 1)
IsPlaceable = false
IsPlayerPlaceable = false

[node name="CostArea" type="Node3D" parent="Player"]
transform = Transform3D(1, 0, 0, 0, 1, 0, 0, 0, 1, 0, 0, -0.290069)
script = ExtResource("6_b4tj3")

[node name="Cost" parent="Player/CostArea" instance=ExtResource("2_6xv5f")]
transform = Transform3D(0.999848, -0.0174524, 0, 0.0174524, 0.999848, -2.57913e-15, 4.50119e-17, 2.57873e-15, 1, -7, 0.2, 8.5)
isResource = true
PositionInBoard = Vector2i(0, 3)
IsInputSelectable = false
IsPlayerPlaceable = false
isEmptyField = true

[node name="Cost2" parent="Player/CostArea" instance=ExtResource("2_6xv5f")]
transform = Transform3D(0.999848, -0.0174524, 0, 0.0174524, 0.999848, -2.57913e-15, 4.50119e-17, 2.57873e-15, 1, -6, 0.2, 8.5)
isResource = true
PositionInBoard = Vector2i(1, 3)
IsInputSelectable = false
IsPlayerPlaceable = false
isEmptyField = true

[node name="Cost3" parent="Player/CostArea" instance=ExtResource("2_6xv5f")]
transform = Transform3D(0.999848, -0.0174524, 0, 0.0174524, 0.999848, -2.57913e-15, 4.50119e-17, 2.57873e-15, 1, -5, 0.2, 8.5)
isResource = true
PositionInBoard = Vector2i(2, 3)
IsInputSelectable = false
IsPlayerPlaceable = false
isEmptyField = true

[node name="Cost4" parent="Player/CostArea" instance=ExtResource("2_6xv5f")]
transform = Transform3D(0.999848, -0.0174524, 0, 0.0174524, 0.999848, -2.57913e-15, 4.50119e-17, 2.57873e-15, 1, -4, 0.2, 8.5)
isResource = true
PositionInBoard = Vector2i(3, 3)
IsInputSelectable = false
IsPlayerPlaceable = false
isEmptyField = true

[node name="Cost5" parent="Player/CostArea" instance=ExtResource("2_6xv5f")]
transform = Transform3D(0.999848, -0.0174524, 0, 0.0174524, 0.999848, -2.57913e-15, 4.50119e-17, 2.57873e-15, 1, -3, 0.2, 8.5)
isResource = true
PositionInBoard = Vector2i(4, 3)
IsInputSelectable = false
IsPlayerPlaceable = false
isEmptyField = true

[node name="Cost6" parent="Player/CostArea" instance=ExtResource("2_6xv5f")]
transform = Transform3D(0.999848, -0.0174524, 0, 0.0174524, 0.999848, -2.57913e-15, 4.50119e-17, 2.57873e-15, 1, -2, 0.2, 8.5)
isResource = true
PositionInBoard = Vector2i(5, 3)
IsInputSelectable = false
IsPlayerPlaceable = false
isEmptyField = true

[node name="Cost7" parent="Player/CostArea" instance=ExtResource("2_6xv5f")]
transform = Transform3D(0.999848, -0.0174524, 0, 0.0174524, 0.999848, -2.57913e-15, 4.50119e-17, 2.57873e-15, 1, -1, 0.2, 8.5)
isResource = true
PositionInBoard = Vector2i(6, 3)
IsInputSelectable = false
IsPlayerPlaceable = false
isEmptyField = true

[node name="Cost8" parent="Player/CostArea" instance=ExtResource("2_6xv5f")]
transform = Transform3D(0.999848, -0.0174524, 0, 0.0174524, 0.999848, -2.57913e-15, 4.50119e-17, 2.57873e-15, 1, 0, 0.2, 8.5)
isResource = true
PositionInBoard = Vector2i(7, 3)
IsInputSelectable = false
IsPlayerPlaceable = false
isEmptyField = true

[node name="Cost9" parent="Player/CostArea" instance=ExtResource("2_6xv5f")]
transform = Transform3D(0.999848, -0.0174524, 0, 0.0174524, 0.999848, -2.57913e-15, 4.50119e-17, 2.57873e-15, 1, 1, 0.2, 8.5)
isResource = true
PositionInBoard = Vector2i(8, 3)
IsInputSelectable = false
IsPlayerPlaceable = false
isEmptyField = true

[node name="Cost10" parent="Player/CostArea" instance=ExtResource("2_6xv5f")]
transform = Transform3D(0.999848, -0.0174524, 0, 0.0174524, 0.999848, -2.57913e-15, 4.50119e-17, 2.57873e-15, 1, 2, 0.2, 8.5)
isResource = true
PositionInBoard = Vector2i(9, 3)
IsInputSelectable = false
IsPlayerPlaceable = false
isEmptyField = true

[node name="Count" type="Label3D" parent="Player/CostArea"]
transform = Transform3D(1, 0, 0, 0, -4.37114e-08, 1, 0, -1, -4.37114e-08, -8.25968, 0.2, 12.1737)
billboard = 1
no_depth_test = true
modulate = Color(0.977595, 0.981628, 1, 1)
outline_modulate = Color(0.339605, 0.542632, 1, 1)
text = "0/0"
font = ExtResource("5_n0ao8")
font_size = 200
outline_size = 50

[node name="Retreat" parent="Player" instance=ExtResource("2_6xv5f")]
transform = Transform3D(1, 0, 0, 0, 1, 0, 0, 0, 1, 13.1469, 0, 8.27829)
PositionInBoard = Vector2i(3, 2)
IsPlayerPlaceable = false
isEmptyField = true

[node name="EnemyPlayer" type="Node3D" parent="."]
transform = Transform3D(-1, 0, -8.74228e-08, 0, 1, 0, 8.74228e-08, 0, -1, -1.00204e-08, 0, -25.133)

[node name="PhaseButton" parent="EnemyPlayer" instance=ExtResource("2_wge7q")]
transform = Transform3D(0.5, 0.5, 0.707107, 0.5, 0.5, -0.707107, -0.707107, 0.707107, -3.09086e-08, 13.029, 2, -7.935)
PositionInBoard = Vector2i(-1, -1)

[node name="Mat" type="MeshInstance3D" parent="EnemyPlayer"]
transform = Transform3D(2.5, 0, 0, 0, 2.5, 0, 0, 0, 2.5, 0, 0, 0)
mesh = SubResource("PlaneMesh_a2jcd")

[node name="Units" type="Node3D" parent="EnemyPlayer"]

[node name="FrontRow" parent="EnemyPlayer/Units" instance=ExtResource("2_6xv5f")]
transform = Transform3D(1, 0, 0, 0, 1, 0, 0, 0, 1, -7, 0, -8)
attackFieldType = 2
PositionInBoard = Vector2i(2, -1)
isEmptyField = true

[node name="FrontRow2" parent="EnemyPlayer/Units" instance=ExtResource("2_6xv5f")]
transform = Transform3D(1, 0, 0, 0, 1, 0, 0, 0, 1, 0, 0, -8)
attackFieldType = 2
PositionInBoard = Vector2i(1, -1)
isEmptyField = true

[node name="FrontRow3" parent="EnemyPlayer/Units" instance=ExtResource("2_6xv5f")]
transform = Transform3D(1, 0, 0, 0, 1, 0, 0, 0, 1, 7, 0, -8)
attackFieldType = 2
PositionInBoard = Vector2i(0, -1)
isEmptyField = true

[node name="BackRow" parent="EnemyPlayer/Units" instance=ExtResource("2_6xv5f")]
transform = Transform3D(1, 0, 0, 0, 1, 0, 0, 0, 1, -7, 0, 0)
attackFieldType = 1
PositionInBoard = Vector2i(2, -2)
isEmptyField = true

[node name="Flagship" parent="EnemyPlayer/Units" instance=ExtResource("2_6xv5f")]
attackFieldType = 1
PositionInBoard = Vector2i(1, -2)
IsPlayerPlaceable = false

[node name="BackRow2" parent="EnemyPlayer/Units" instance=ExtResource("2_6xv5f")]
transform = Transform3D(1, 0, 0, 0, 1, 0, 0, 0, 1, 7, 0, 0)
attackFieldType = 1
PositionInBoard = Vector2i(0, -2)
isEmptyField = true

[node name="FlagshipDurability" type="Node3D" parent="EnemyPlayer"]
script = ExtResource("6_b4tj3")

[node name="Durability" parent="EnemyPlayer/FlagshipDurability" instance=ExtResource("2_6xv5f")]
transform = Transform3D(0.999848, -0.0174524, 0, 0.0174497, 0.999696, -0.0174524, 0.000304586, 0.0174498, 0.999848, -13.221, 0.204869, 8.49881e-05)
isResource = true
isFaceDown = true
isSideWays = true
PositionInBoard = Vector2i(4, -2)
IsInputSelectable = false
IsPlayerPlaceable = false
isEmptyField = true

[node name="Durability2" parent="EnemyPlayer/FlagshipDurability" instance=ExtResource("2_6xv5f")]
transform = Transform3D(0.999848, -0.0174524, 0, 0.0174497, 0.999696, -0.0174524, 0.000304586, 0.0174498, 0.999848, -13.221, 0.204869, -0.999915)
isResource = true
isFaceDown = true
isSideWays = true
PositionInBoard = Vector2i(4, -1)
IsInputSelectable = false
IsPlayerPlaceable = false
isEmptyField = true

[node name="Durability3" parent="EnemyPlayer/FlagshipDurability" instance=ExtResource("2_6xv5f")]
transform = Transform3D(0.999848, -0.0174524, 0, 0.0174497, 0.999696, -0.0174524, 0.000304586, 0.0174498, 0.999848, -13.221, 0.204869, -1.99992)
isResource = true
isFaceDown = true
isSideWays = true
PositionInBoard = Vector2i(4, 0)
IsInputSelectable = false
IsPlayerPlaceable = false
isEmptyField = true

[node name="Durability4" parent="EnemyPlayer/FlagshipDurability" instance=ExtResource("2_6xv5f")]
transform = Transform3D(0.999848, -0.0174524, 0, 0.0174497, 0.999696, -0.0174524, 0.000304586, 0.0174498, 0.999848, -13.221, 0.204869, -2.99992)
isResource = true
isFaceDown = true
isSideWays = true
PositionInBoard = Vector2i(4, 1)
IsInputSelectable = false
IsPlayerPlaceable = false
isEmptyField = true

[node name="Durability5" parent="EnemyPlayer/FlagshipDurability" instance=ExtResource("2_6xv5f")]
transform = Transform3D(0.999848, -0.0174524, 0, 0.0174497, 0.999696, -0.0174524, 0.000304586, 0.0174498, 0.999848, -13.221, 0.204869, -3.99992)
isResource = true
isFaceDown = true
isSideWays = true
PositionInBoard = Vector2i(4, 2)
IsInputSelectable = false
IsPlayerPlaceable = false
isEmptyField = true

[node name="Durability6" parent="EnemyPlayer/FlagshipDurability" instance=ExtResource("2_6xv5f")]
transform = Transform3D(0.999848, -0.0174524, 0, 0.0174497, 0.999696, -0.0174524, 0.000304586, 0.0174498, 0.999848, -13.221, 0.204869, -4.99992)
isResource = true
isFaceDown = true
isSideWays = true
PositionInBoard = Vector2i(4, 3)
IsInputSelectable = false
IsPlayerPlaceable = false
isEmptyField = true

[node name="Durability7" parent="EnemyPlayer/FlagshipDurability" instance=ExtResource("2_6xv5f")]
transform = Transform3D(0.999848, -0.0174524, 0, 0.0174497, 0.999696, -0.0174524, 0.000304586, 0.0174498, 0.999848, -13.221, 0.204869, -5.99992)
isResource = true
isFaceDown = true
isSideWays = true
PositionInBoard = Vector2i(4, 4)
IsInputSelectable = false
IsPlayerPlaceable = false
isEmptyField = true

[node name="Durability8" parent="EnemyPlayer/FlagshipDurability" instance=ExtResource("2_6xv5f")]
transform = Transform3D(0.999848, -0.0174524, 0, 0.0174497, 0.999696, -0.0174524, 0.000304586, 0.0174498, 0.999848, -13.221, 0.204869, -6.99992)
isResource = true
isFaceDown = true
isSideWays = true
PositionInBoard = Vector2i(4, 5)
IsInputSelectable = false
IsPlayerPlaceable = false
isEmptyField = true

[node name="Durability9" parent="EnemyPlayer/FlagshipDurability" instance=ExtResource("2_6xv5f")]
transform = Transform3D(0.999848, -0.0174524, 0, 0.0174497, 0.999696, -0.0174524, 0.000304586, 0.0174498, 0.999848, -13.221, 0.204869, -7.99992)
isResource = true
isFaceDown = true
isSideWays = true
PositionInBoard = Vector2i(4, 6)
IsInputSelectable = false
IsPlayerPlaceable = false
isEmptyField = true

[node name="Durability10" parent="EnemyPlayer/FlagshipDurability" instance=ExtResource("2_6xv5f")]
transform = Transform3D(0.999848, -0.0174524, 0, 0.0174497, 0.999696, -0.0174524, 0.000304586, 0.0174498, 0.999848, -13.221, 0.204869, -8.99992)
isResource = true
isFaceDown = true
isSideWays = true
PositionInBoard = Vector2i(4, 7)
IsInputSelectable = false
IsPlayerPlaceable = false
isEmptyField = true

[node name="Count" type="Label3D" parent="EnemyPlayer/FlagshipDurability"]
transform = Transform3D(1, 0, 0, 0, -4.37114e-08, 1, 0, -1, -4.37114e-08, -12.2177, 0.2, 3.6)
billboard = 1
no_depth_test = true
modulate = Color(0.977595, 0.981628, 1, 1)
outline_modulate = Color(0.339605, 0.542632, 1, 1)
text = "0/0"
font = ExtResource("5_n0ao8")
font_size = 200
outline_size = 50

[node name="CubeDeck" parent="EnemyPlayer" instance=ExtResource("2_6xv5f")]
transform = Transform3D(1, 0, 0, 0, 1, 0, 0, 0, 1, -13.1023, 0, 8.29573)
isFaceDown = true
isDeck = true
PositionInBoard = Vector2i(3, -3)
IsPlaceable = false
IsPlayerPlaceable = false

[node name="Deck" parent="EnemyPlayer" instance=ExtResource("2_6xv5f")]
transform = Transform3D(1, 0, 0, 0, 1, 0, 0, 0, 1, 13.2017, 0, -0.0664625)
isFaceDown = true
isDeck = true
PositionInBoard = Vector2i(-1, -2)
IsPlaceable = false
IsPlayerPlaceable = false

[node name="CostArea" type="Node3D" parent="EnemyPlayer"]
transform = Transform3D(1, 0, 0, 0, 1, 0, 0, 0, 1, 0, 0, -0.290069)
script = ExtResource("6_b4tj3")

[node name="Cost" parent="EnemyPlayer/CostArea" instance=ExtResource("2_6xv5f")]
transform = Transform3D(0.999848, -0.0174524, 0, 0.0174524, 0.999848, -2.57913e-15, 4.50119e-17, 2.57873e-15, 1, -7, 0.2, 8.5)
isResource = true
PositionInBoard = Vector2i(9, -3)
IsInputSelectable = false
IsPlayerPlaceable = false
isEmptyField = true

[node name="Cost2" parent="EnemyPlayer/CostArea" instance=ExtResource("2_6xv5f")]
transform = Transform3D(0.999848, -0.0174524, 0, 0.0174524, 0.999848, -2.57913e-15, 4.50119e-17, 2.57873e-15, 1, -6, 0.2, 8.5)
isResource = true
PositionInBoard = Vector2i(8, -3)
IsInputSelectable = false
IsPlayerPlaceable = false
isEmptyField = true

[node name="Cost3" parent="EnemyPlayer/CostArea" instance=ExtResource("2_6xv5f")]
transform = Transform3D(0.999848, -0.0174524, 0, 0.0174524, 0.999848, -2.57913e-15, 4.50119e-17, 2.57873e-15, 1, -5, 0.2, 8.5)
isResource = true
PositionInBoard = Vector2i(7, -3)
IsInputSelectable = false
IsPlayerPlaceable = false
isEmptyField = true

[node name="Cost4" parent="EnemyPlayer/CostArea" instance=ExtResource("2_6xv5f")]
transform = Transform3D(0.999848, -0.0174524, 0, 0.0174524, 0.999848, -2.57913e-15, 4.50119e-17, 2.57873e-15, 1, -4, 0.2, 8.5)
isResource = true
PositionInBoard = Vector2i(6, -3)
IsInputSelectable = false
IsPlayerPlaceable = false
isEmptyField = true

[node name="Cost5" parent="EnemyPlayer/CostArea" instance=ExtResource("2_6xv5f")]
transform = Transform3D(0.999848, -0.0174524, 0, 0.0174524, 0.999848, -2.57913e-15, 4.50119e-17, 2.57873e-15, 1, -3, 0.2, 8.5)
isResource = true
PositionInBoard = Vector2i(5, -3)
IsInputSelectable = false
IsPlayerPlaceable = false
isEmptyField = true

[node name="Cost6" parent="EnemyPlayer/CostArea" instance=ExtResource("2_6xv5f")]
transform = Transform3D(0.999848, -0.0174524, 0, 0.0174524, 0.999848, -2.57913e-15, 4.50119e-17, 2.57873e-15, 1, -2, 0.2, 8.5)
isResource = true
PositionInBoard = Vector2i(4, -3)
IsInputSelectable = false
IsPlayerPlaceable = false
isEmptyField = true

[node name="Cost7" parent="EnemyPlayer/CostArea" instance=ExtResource("2_6xv5f")]
transform = Transform3D(0.999848, -0.0174524, 0, 0.0174524, 0.999848, -2.57913e-15, 4.50119e-17, 2.57873e-15, 1, -1, 0.2, 8.5)
isResource = true
PositionInBoard = Vector2i(3, -3)
IsInputSelectable = false
IsPlayerPlaceable = false
isEmptyField = true

[node name="Cost8" parent="EnemyPlayer/CostArea" instance=ExtResource("2_6xv5f")]
transform = Transform3D(0.999848, -0.0174524, 0, 0.0174524, 0.999848, -2.57913e-15, 4.50119e-17, 2.57873e-15, 1, 0, 0.2, 8.5)
isResource = true
PositionInBoard = Vector2i(2, -3)
IsInputSelectable = false
IsPlayerPlaceable = false
isEmptyField = true

[node name="Cost9" parent="EnemyPlayer/CostArea" instance=ExtResource("2_6xv5f")]
transform = Transform3D(0.999848, -0.0174524, 0, 0.0174524, 0.999848, -2.57913e-15, 4.50119e-17, 2.57873e-15, 1, 1, 0.2, 8.5)
isResource = true
PositionInBoard = Vector2i(1, -3)
IsInputSelectable = false
IsPlayerPlaceable = false
isEmptyField = true

[node name="Cost10" parent="EnemyPlayer/CostArea" instance=ExtResource("2_6xv5f")]
transform = Transform3D(0.999848, -0.0174524, 0, 0.0174524, 0.999848, -2.57913e-15, 4.50119e-17, 2.57873e-15, 1, 2, 0.2, 8.5)
isResource = true
PositionInBoard = Vector2i(0, -3)
IsInputSelectable = false
IsPlayerPlaceable = false
isEmptyField = true

[node name="Count" type="Label3D" parent="EnemyPlayer/CostArea"]
transform = Transform3D(1, 0, 0, 0, -4.37114e-08, 1, 0, -1, -4.37114e-08, -8.25968, 0.2, 12.1737)
billboard = 1
no_depth_test = true
modulate = Color(0.977595, 0.981628, 1, 1)
outline_modulate = Color(0.339605, 0.542632, 1, 1)
text = "0/0"
font = ExtResource("5_n0ao8")
font_size = 200
outline_size = 50

[node name="Retreat" parent="EnemyPlayer" instance=ExtResource("2_6xv5f")]
transform = Transform3D(1, 0, 0, 0, 1, 0, 0, 0, 1, 13.1469, 0, 8.27829)
PositionInBoard = Vector2i(-1, -2)
IsPlayerPlaceable = false
isEmptyField = true
