[gd_scene load_steps=12 format=3 uid="uid://dhr0v03l7g4a7"]

[ext_resource type="Texture2D" uid="uid://bwmf2xs354nyj" path="res://AzurLane/res/board.png" id="1_36sk3"]
[ext_resource type="Script" uid="uid://cx2d33iooikfh" path="res://AzurLane/scripts/ALBoard.cs" id="1_n0ao8"]
[ext_resource type="PackedScene" uid="uid://dp7bqacq615oo" path="res://AzurLane/AzurLaneCard.tscn" id="2_6xv5f"]
[ext_resource type="Texture2D" uid="uid://clctwp27haqqa" path="res://AzurLane/res/Cube01.png" id="2_n0ao8"]
[ext_resource type="Script" uid="uid://rmnygjp4awv0" path="res://AzurLane/scripts/ALPhaseButton.cs" id="3_n0ao8"]

[sub_resource type="StandardMaterial3D" id="StandardMaterial3D_b4tj3"]
albedo_color = Color(0.584314, 0.741176, 1, 1)
albedo_texture = ExtResource("2_n0ao8")
metallic = 0.68
metallic_specular = 0.18
emission_enabled = true
emission = Color(0.439969, 0.55055, 0.857331, 1)
emission_energy_multiplier = 0.43
uv1_scale = Vector3(3, 2, 1)

[sub_resource type="BoxMesh" id="BoxMesh_wge7q"]
material = SubResource("StandardMaterial3D_b4tj3")
size = Vector3(2, 2, 2)

[sub_resource type="StandardMaterial3D" id="StandardMaterial3D_n0ao8"]
transparency = 1
blend_mode = 1
no_depth_test = true
albedo_color = Color(0.027451, 0.196078, 0.607843, 0.482353)

[sub_resource type="BoxMesh" id="BoxMesh_n0ao8"]
material = SubResource("StandardMaterial3D_n0ao8")

[sub_resource type="StandardMaterial3D" id="StandardMaterial3D_lu2yg"]
albedo_texture = ExtResource("1_36sk3")
metallic = 1.0

[sub_resource type="PlaneMesh" id="PlaneMesh_a2jcd"]
material = SubResource("StandardMaterial3D_lu2yg")
size = Vector2(13, 10)

[node name="AzurLaneBoard" type="Node3D"]
script = ExtResource("1_n0ao8")

[node name="PhaseButton" type="MeshInstance3D" parent="."]
transform = Transform3D(0.425475, 0.332519, 0.841666, 0.211625, 0.867703, -0.449785, -0.879878, 0.369489, 0.298817, 13.0294, 1.61365, -7.93489)
mesh = SubResource("BoxMesh_wge7q")
script = ExtResource("3_n0ao8")
PositionInBoard = Vector2i(3, 0)
IsPlaceable = false
IsPlayerPlaceable = false

[node name="CardDisplay" type="Node3D" parent="PhaseButton"]

[node name="SelectedIndicator" type="Node3D" parent="PhaseButton/CardDisplay"]
transform = Transform3D(1, 2.98023e-08, 2.98023e-08, 2.98023e-08, 1, 0, 5.96046e-08, 2.23517e-08, 1, 0, 0, 0)
visible = false

[node name="Indicator" type="MeshInstance3D" parent="PhaseButton/CardDisplay/SelectedIndicator"]
transform = Transform3D(3, 0, 0, 0, 3, 0, 0, 0, 3, 0, 0, 0)
mesh = SubResource("BoxMesh_n0ao8")

[node name="Mat" type="MeshInstance3D" parent="."]
transform = Transform3D(2.5, 0, 0, 0, 2.5, 0, 0, 0, 2.5, 0, 0, 0)
mesh = SubResource("PlaneMesh_a2jcd")

[node name="Units" type="Node3D" parent="."]

[node name="FrontRow" parent="Units" instance=ExtResource("2_6xv5f")]
transform = Transform3D(1, 0, 0, 0, 1, 0, 0, 0, 1, -7, 0, -8)
IsEmptyField = true

[node name="FrontRow2" parent="Units" instance=ExtResource("2_6xv5f")]
transform = Transform3D(1, 0, 0, 0, 1, 0, 0, 0, 1, 0, 0, -8)
PositionInBoard = Vector2i(1, 0)
IsEmptyField = true

[node name="FrontRow3" parent="Units" instance=ExtResource("2_6xv5f")]
transform = Transform3D(1, 0, 0, 0, 1, 0, 0, 0, 1, 7, 0, -8)
PositionInBoard = Vector2i(2, 0)
IsEmptyField = true

[node name="BackRow" parent="Units" instance=ExtResource("2_6xv5f")]
transform = Transform3D(1, 0, 0, 0, 1, 0, 0, 0, 1, -7, 0, 0)
PositionInBoard = Vector2i(0, 1)
IsEmptyField = true

[node name="Flagship" parent="Units" instance=ExtResource("2_6xv5f")]
PositionInBoard = Vector2i(1, 1)
IsPlayerPlaceable = false

[node name="BackRow2" parent="Units" instance=ExtResource("2_6xv5f")]
transform = Transform3D(1, 0, 0, 0, 1, 0, 0, 0, 1, 7, 0, 0)
PositionInBoard = Vector2i(2, 1)
IsEmptyField = true

[node name="FlagshipDurability" type="Node3D" parent="."]

[node name="Durability" parent="FlagshipDurability" instance=ExtResource("2_6xv5f")]
transform = Transform3D(0.999848, -0.0174524, 0, 0.0174497, 0.999696, -0.0174524, 0.000304586, 0.0174498, 0.999848, -13.5, 0.2, 0)
isSideWays = true
PositionInBoard = Vector2i(-1, 1)
IsPlayerPlaceable = false
IsEmptyField = true

[node name="Durability2" parent="FlagshipDurability" instance=ExtResource("2_6xv5f")]
transform = Transform3D(0.999848, -0.0174524, 0, 0.0174497, 0.999696, -0.0174524, 0.000304586, 0.0174498, 0.999848, -13.5, 0.2, -1)
isSideWays = true
PositionInBoard = Vector2i(-1, 0)
IsPlayerPlaceable = false
IsEmptyField = true

[node name="Durability3" parent="FlagshipDurability" instance=ExtResource("2_6xv5f")]
transform = Transform3D(0.999848, -0.0174524, 0, 0.0174497, 0.999696, -0.0174524, 0.000304586, 0.0174498, 0.999848, -13.5, 0.2, -2)
isSideWays = true
PositionInBoard = Vector2i(-1, -1)
IsPlayerPlaceable = false
IsEmptyField = true

[node name="Durability4" parent="FlagshipDurability" instance=ExtResource("2_6xv5f")]
transform = Transform3D(0.999848, -0.0174524, 0, 0.0174497, 0.999696, -0.0174524, 0.000304586, 0.0174498, 0.999848, -13.5, 0.2, -3)
isSideWays = true
PositionInBoard = Vector2i(-1, -2)
IsPlayerPlaceable = false
IsEmptyField = true

[node name="Durability5" parent="FlagshipDurability" instance=ExtResource("2_6xv5f")]
transform = Transform3D(0.999848, -0.0174524, 0, 0.0174497, 0.999696, -0.0174524, 0.000304586, 0.0174498, 0.999848, -13.5, 0.2, -4)
isSideWays = true
PositionInBoard = Vector2i(-1, -3)
IsPlayerPlaceable = false
IsEmptyField = true

[node name="Durability6" parent="FlagshipDurability" instance=ExtResource("2_6xv5f")]
transform = Transform3D(0.999848, -0.0174524, 0, 0.0174497, 0.999696, -0.0174524, 0.000304586, 0.0174498, 0.999848, -13.5, 0.2, -5)
isSideWays = true
PositionInBoard = Vector2i(-1, -4)
IsPlayerPlaceable = false
IsEmptyField = true

[node name="Durability7" parent="FlagshipDurability" instance=ExtResource("2_6xv5f")]
transform = Transform3D(0.999848, -0.0174524, 0, 0.0174497, 0.999696, -0.0174524, 0.000304586, 0.0174498, 0.999848, -13.5, 0.2, -6)
isSideWays = true
PositionInBoard = Vector2i(-1, -5)
IsPlayerPlaceable = false
IsEmptyField = true

[node name="Durability8" parent="FlagshipDurability" instance=ExtResource("2_6xv5f")]
transform = Transform3D(0.999848, -0.0174524, 0, 0.0174497, 0.999696, -0.0174524, 0.000304586, 0.0174498, 0.999848, -13.5, 0.2, -7)
isSideWays = true
PositionInBoard = Vector2i(-1, -6)
IsPlayerPlaceable = false
IsEmptyField = true

[node name="Durability9" parent="FlagshipDurability" instance=ExtResource("2_6xv5f")]
transform = Transform3D(0.999848, -0.0174524, 0, 0.0174497, 0.999696, -0.0174524, 0.000304586, 0.0174498, 0.999848, -13.5, 0.2, -8)
isSideWays = true
PositionInBoard = Vector2i(-1, -7)
IsPlayerPlaceable = false
IsEmptyField = true

[node name="Durability10" parent="FlagshipDurability" instance=ExtResource("2_6xv5f")]
transform = Transform3D(0.999848, -0.0174524, 0, 0.0174497, 0.999696, -0.0174524, 0.000304586, 0.0174498, 0.999848, -13.5, 0.2, -9)
isSideWays = true
PositionInBoard = Vector2i(-1, -8)
IsPlayerPlaceable = false
IsEmptyField = true

[node name="CubeDeck" parent="." instance=ExtResource("2_6xv5f")]
transform = Transform3D(1, 0, 0, 0, 1, 0, 0, 0, 1, -13.1023, 0, 8.29573)
isFaceDown = true
PositionInBoard = Vector2i(-1, 2)
IsPlaceable = false
IsPlayerPlaceable = false

[node name="Deck" parent="." instance=ExtResource("2_6xv5f")]
transform = Transform3D(1, 0, 0, 0, 1, 0, 0, 0, 1, 13.2017, 0, -0.0664625)
isFaceDown = true
PositionInBoard = Vector2i(3, 1)
IsPlaceable = false
IsPlayerPlaceable = false

[node name="CostArea" type="Node3D" parent="."]

[node name="Cost" parent="CostArea" instance=ExtResource("2_6xv5f")]
transform = Transform3D(0.999848, -0.0174524, 0, 0.0174524, 0.999848, -2.57913e-15, 4.50119e-17, 2.57873e-15, 1, -7, 0.2, 8.5)
PositionInBoard = Vector2i(0, 2)
IsPlayerPlaceable = false
IsEmptyField = true

[node name="Cost2" parent="CostArea" instance=ExtResource("2_6xv5f")]
transform = Transform3D(0.999848, -0.0174524, 0, 0.0174524, 0.999848, -2.57913e-15, 4.50119e-17, 2.57873e-15, 1, -6, 0.2, 8.5)
PositionInBoard = Vector2i(1, 2)
IsPlayerPlaceable = false
IsEmptyField = true

[node name="Cost3" parent="CostArea" instance=ExtResource("2_6xv5f")]
transform = Transform3D(0.999848, -0.0174524, 0, 0.0174524, 0.999848, -2.57913e-15, 4.50119e-17, 2.57873e-15, 1, -5, 0.2, 8.5)
PositionInBoard = Vector2i(2, 2)
IsPlayerPlaceable = false
IsEmptyField = true

[node name="Cost4" parent="CostArea" instance=ExtResource("2_6xv5f")]
transform = Transform3D(0.999848, -0.0174524, 0, 0.0174524, 0.999848, -2.57913e-15, 4.50119e-17, 2.57873e-15, 1, -4, 0.2, 8.5)
PositionInBoard = Vector2i(3, 2)
IsPlayerPlaceable = false
IsEmptyField = true

[node name="Cost5" parent="CostArea" instance=ExtResource("2_6xv5f")]
transform = Transform3D(0.999848, -0.0174524, 0, 0.0174524, 0.999848, -2.57913e-15, 4.50119e-17, 2.57873e-15, 1, -3, 0.2, 8.5)
PositionInBoard = Vector2i(4, 2)
IsPlayerPlaceable = false
IsEmptyField = true

[node name="Cost6" parent="CostArea" instance=ExtResource("2_6xv5f")]
transform = Transform3D(0.999848, -0.0174524, 0, 0.0174524, 0.999848, -2.57913e-15, 4.50119e-17, 2.57873e-15, 1, -2, 0.2, 8.5)
PositionInBoard = Vector2i(5, 2)
IsPlayerPlaceable = false
IsEmptyField = true

[node name="Cost7" parent="CostArea" instance=ExtResource("2_6xv5f")]
transform = Transform3D(0.999848, -0.0174524, 0, 0.0174524, 0.999848, -2.57913e-15, 4.50119e-17, 2.57873e-15, 1, -1, 0.2, 8.5)
PositionInBoard = Vector2i(6, 2)
IsPlayerPlaceable = false
IsEmptyField = true

[node name="Cost8" parent="CostArea" instance=ExtResource("2_6xv5f")]
transform = Transform3D(0.999848, -0.0174524, 0, 0.0174524, 0.999848, -2.57913e-15, 4.50119e-17, 2.57873e-15, 1, 0, 0.2, 8.5)
PositionInBoard = Vector2i(7, 2)
IsPlayerPlaceable = false
IsEmptyField = true

[node name="Cost9" parent="CostArea" instance=ExtResource("2_6xv5f")]
transform = Transform3D(0.999848, -0.0174524, 0, 0.0174524, 0.999848, -2.57913e-15, 4.50119e-17, 2.57873e-15, 1, 1, 0.2, 8.5)
PositionInBoard = Vector2i(8, 2)
IsPlayerPlaceable = false
IsEmptyField = true

[node name="Cost10" parent="CostArea" instance=ExtResource("2_6xv5f")]
transform = Transform3D(0.999848, -0.0174524, 0, 0.0174524, 0.999848, -2.57913e-15, 4.50119e-17, 2.57873e-15, 1, 2, 0.2, 8.5)
PositionInBoard = Vector2i(9, 2)
IsPlayerPlaceable = false
IsEmptyField = true

[node name="Retreat" parent="." instance=ExtResource("2_6xv5f")]
transform = Transform3D(1, 0, 0, 0, 1, 0, 0, 0, 1, 13.1469, 0, 8.27829)
PositionInBoard = Vector2i(10, 2)
IsPlayerPlaceable = false
IsEmptyField = true
